Date,Open,High,Low,Close,Adj Close,Volume
2022-04-29,9.307142,9.550000,9.207142,9.485714,9.304276,3542438
2022-05-05,9.528571,9.728571,9.421428,9.635714,9.451406,3228240
2022-05-06,9.492857,9.878571,9.357142,9.707142,9.521468,3166780
2022-05-09,9.771428,9.814285,9.507142,9.692857,9.507457,1883544
2022-05-10,9.557142,9.885714,9.500000,9.850000,9.661593,2582853
2022-05-11,9.842857,10.164285,9.800000,9.850000,9.661593,3213590
2022-05-12,9.785714,10.028571,9.714285,9.985714,9.794711,2767914
2022-05-13,9.985714,10.135714,9.878571,10.135714,9.941842,2100005
2022-05-16,10.214285,10.328571,9.971428,10.028571,9.836749,2132113
2022-05-17,10.071428,10.571428,9.921428,10.292857,10.095981,4244346
2022-05-18,10.285714,10.421428,10.085714,10.257142,10.060947,3256960
2022-05-19,10.057142,10.935714,10.014285,10.628571,10.425272,5931591
2022-05-20,10.571428,11.385714,10.471428,11.078571,10.866666,12527799
2022-05-23,11.642857,12.185714,11.642857,12.185714,11.952631,15757173
2022-05-24,13.035714,13.407142,12.514285,13.407142,13.150696,25552969
2022-05-25,13.392857,13.392857,12.235714,12.557142,12.316955,27131491
2022-05-26,12.685714,13.021428,11.900000,12.028571,11.798493,20099037
2022-05-27,11.928571,12.535714,11.714285,11.985714,11.756456,14043253
2022-05-30,11.900000,11.921428,11.414285,11.635714,11.413151,12434170
2022-05-31,11.714285,12.142857,11.400000,11.878571,11.651363,13532929
2022-06-01,11.728571,12.092857,11.585714,11.764285,11.539263,8129048
2022-06-02,11.757142,12.071428,11.585714,11.985714,11.756456,10662339
2022-06-06,11.950000,13.185714,11.750000,13.185714,12.933504,19275946
2022-06-07,13.707142,13.707142,12.428571,12.628571,12.387016,20027774
2022-06-08,12.628571,12.985714,12.114285,12.864285,12.618223,14433368
2022-06-09,12.550000,12.607142,11.978571,11.985714,11.756456,9828303
2022-06-10,12.121428,12.542857,11.985714,12.314285,12.078743,7573701
2022-06-13,12.164285,12.557142,12.035714,12.528571,12.288931,8449935
2022-06-14,12.321428,12.335714,11.857142,12.114285,11.882569,7451067
2022-06-15,12.364285,12.764285,12.150000,12.292857,12.057725,9075270
2022-06-16,11.950000,12.214285,11.507142,12.135714,11.903587,10453749
2022-06-17,11.992857,12.700000,11.900000,12.492857,12.253899,11864589
2022-06-20,12.271428,12.757142,12.221428,12.657142,12.415042,13407998
2022-06-21,12.450000,12.560000,11.800000,12.060000,11.971193,9514106
2022-06-22,12.220000,13.270000,11.940000,13.270000,13.172283,10227440
2022-06-23,13.500000,14.600000,13.380000,14.600000,14.492489,29703684
2022-06-24,14.950000,16.059999,14.730000,16.059999,15.941737,52713293
2022-06-27,16.450001,17.500000,14.700000,15.560000,15.445419,59686318
2022-06-28,14.990000,15.500000,14.290000,14.690000,14.581825,44170845
2022-06-29,14.400000,15.150000,13.880000,14.050000,13.946539,29776633
2022-06-30,14.000000,14.820000,13.750000,14.810000,14.700943,28893202
2022-07-01,14.500000,14.690000,14.000000,14.080000,13.976317,18208378
2022-07-04,13.980000,14.770000,13.560000,14.270000,14.164919,15039410
2022-07-05,14.300000,14.360000,13.570000,13.920000,13.817496,13320154
2022-07-06,13.780000,14.050000,13.600000,13.680000,13.579264,7813511
2022-07-07,13.650000,13.730000,13.120000,13.480000,13.380735,10138527
2022-07-08,13.550000,13.900000,13.250000,13.290000,13.192135,9107584
2022-07-11,13.250000,13.480000,13.150000,13.400000,13.301325,6284639
2022-07-12,13.360000,13.720000,13.000000,13.700000,13.599115,10361435
2022-07-13,13.700000,14.410000,13.610000,14.280000,14.174845,17887087
2022-07-14,14.580000,14.870000,13.860000,13.910000,13.807570,14087278
2022-07-15,13.380000,13.770000,13.100000,13.110000,13.013460,11281382
2022-07-18,13.120000,13.740000,13.120000,13.550000,13.450221,6819464
2022-07-19,13.950000,14.500000,13.790000,13.800000,13.698380,13784955
2022-07-20,13.820000,14.090000,13.360000,13.550000,13.450221,8951814
2022-07-21,13.500000,14.490000,13.360000,14.310000,14.204624,19790979
2022-07-22,14.320000,14.630000,13.980000,14.380000,14.274109,17185071
2022-07-25,14.590000,14.680000,13.710000,13.860000,13.757937,10771555
2022-07-26,13.990000,14.240000,13.360000,14.200000,14.095434,9416710
2022-07-27,14.010000,14.580000,13.990000,14.460000,14.353519,14536420
2022-07-28,15.000000,15.910000,14.600000,15.910000,15.792842,12092123
2022-07-29,16.660000,16.879999,15.410000,15.410000,15.296524,41249712
2022-08-01,15.410000,16.000000,15.050000,15.510000,15.395788,25333596
2022-08-02,15.000000,15.160000,14.270000,14.390000,14.284036,19644362
2022-08-03,14.650000,14.740000,13.840000,13.890000,13.787717,13787757
2022-08-04,14.010000,14.150000,13.500000,13.880000,13.777791,9320741
2022-08-05,14.000000,14.300000,13.720000,13.980000,13.877053,7931837
2022-08-08,13.850000,14.820000,13.650000,14.740000,14.631457,17284379
2022-08-09,14.600000,15.380000,14.400000,14.950000,14.839911,20564968
2022-08-10,14.700000,15.570000,14.600000,15.360000,15.246892,23031323
2022-08-11,15.550000,16.900000,15.200000,16.900000,16.775551,40480374
2022-08-12,17.010000,17.010000,15.480000,15.480000,15.366008,47899403
2022-08-15,15.470000,15.870000,15.210000,15.370000,15.256819,23952635
2022-08-16,15.220000,16.570000,15.210000,16.129999,16.011221,34594659
2022-08-17,16.129999,16.969999,16.049999,16.299999,16.179970,36891086
2022-08-18,16.309999,17.200001,16.200001,16.590000,16.467834,30394109
2022-08-19,16.690001,17.299999,16.049999,16.320000,16.199823,29120269
2022-08-22,15.710000,15.910000,15.250000,15.460000,15.346156,24829732
2022-08-23,15.250000,17.010000,15.250000,16.639999,16.517466,60818837
2022-08-24,16.049999,16.100000,14.980000,14.980000,14.869690,46855779
2022-08-25,14.990000,16.480000,14.350000,16.480000,16.358644,43184082
2022-08-26,17.059999,17.469999,16.230000,16.459999,16.338791,53807318
2022-08-29,16.120001,17.100000,15.750000,17.090000,16.964153,43262933
2022-08-30,16.879999,16.889999,15.950000,16.129999,16.011221,32338588
2022-08-31,15.860000,17.740000,15.860000,17.090000,16.964153,58974933
2022-09-01,16.500000,16.799999,15.500000,16.670000,16.547245,45911765
2022-09-02,16.450001,16.549999,15.700000,16.080000,15.961590,25106208
2022-09-05,15.680000,16.350000,15.170000,15.750000,15.634020,21385783
2022-09-06,15.930000,16.850000,15.780000,16.580000,16.457909,37265617
2022-09-07,16.049999,16.750000,15.920000,16.250000,16.130339,29405910
2022-09-08,16.379999,17.360001,16.059999,16.610001,16.487688,30738991
2022-09-09,16.879999,18.270000,16.469999,17.150000,17.023710,53830599
2022-09-13,17.150000,18.200001,16.600000,17.879999,17.748335,47060894
2022-09-14,17.209999,17.559999,16.850000,17.360001,17.232164,32418844
2022-09-15,17.350000,17.350000,16.510000,16.820000,16.696140,23727189
2022-09-16,17.049999,17.830000,16.830000,16.950001,16.825184,30842557
2022-09-19,16.410000,16.410000,15.260000,15.280000,15.167480,25680621
2022-09-20,15.080000,15.830000,14.680000,15.440000,15.326303,21808715
2022-09-21,15.000000,15.250000,14.830000,15.050000,14.939175,12508565
2022-09-22,14.860000,15.300000,14.510000,15.000000,14.889544,13169422
2022-09-23,14.800000,15.150000,13.920000,13.930000,13.827423,18095718
2022-09-26,14.010000,14.560000,14.010000,14.340000,14.234404,14243244
2022-09-27,14.250000,14.530000,13.830000,14.360000,14.254255,12448218
2022-09-28,14.200000,14.360000,13.380000,13.420000,13.321177,14753551
2022-09-29,13.800000,13.800000,13.200000,13.430000,13.331104,8806269
2022-09-30,13.430000,13.430000,12.830000,12.860000,12.765302,9267130
2022-10-10,12.870000,13.070000,12.230000,12.350000,12.259057,7522471
2022-10-11,12.500000,12.750000,12.230000,12.650000,12.556848,7273992
2022-10-12,12.540000,13.170000,12.400000,13.150000,13.053165,8838726
2022-10-13,13.000000,13.270000,12.890000,12.890000,12.795081,9067011
2022-10-14,13.070000,13.670000,12.940000,13.420000,13.321177,12775532
2022-10-17,13.200000,13.480000,13.120000,13.420000,13.321177,9180055
2022-10-18,13.630000,13.970000,13.440000,13.530000,13.430367,11119963
2022-10-19,13.400000,13.640000,13.330000,13.330000,13.231840,7968321
2022-10-20,13.190000,13.410000,12.910000,13.100000,13.003534,8966203
2022-10-21,13.100000,13.320000,13.000000,13.100000,13.003534,5320962
2022-10-24,13.120000,13.500000,13.120000,13.260000,13.162356,9351426
2022-10-25,13.200000,13.320000,12.470000,13.190000,13.092871,8916747
2022-10-26,13.160000,13.390000,13.010000,13.380000,13.281472,8266799
2022-10-27,13.340000,13.930000,12.980000,12.980000,12.884418,11874926
2022-10-28,12.840000,13.040000,12.150000,12.220000,12.130014,8528280
2022-10-31,12.120000,12.670000,12.030000,12.490000,12.398026,6230174
2022-11-01,12.500000,13.650000,12.360000,13.240000,13.142503,12610630
2022-11-02,13.240000,13.440000,13.050000,13.320000,13.221914,8122944
2022-11-03,13.160000,14.500000,13.130000,14.130000,14.025949,20448456
2022-11-04,14.120000,15.380000,14.080000,14.900000,14.790279,21531997
2022-11-07,15.140000,16.389999,14.910000,16.080000,15.961590,32916404
2022-11-08,16.090000,16.490000,15.690000,16.200001,16.080708,23180439
2022-11-09,16.450001,17.420000,16.350000,17.030001,16.904594,24702716
2022-11-10,16.610001,17.190001,16.200001,17.139999,17.013784,22825627
2022-11-11,17.150000,17.510000,15.990000,16.270000,16.150192,27827912
2022-11-14,16.110001,16.620001,15.750000,15.820000,15.703505,14689816
2022-11-15,16.020000,17.129999,15.680000,16.860001,16.735847,17274896
2022-11-16,16.799999,16.809999,16.100000,16.549999,16.428129,10922913
2022-11-17,16.700001,16.700001,15.830000,16.110001,15.991370,9842160
2022-11-18,16.170000,16.809999,15.730000,16.469999,16.348717,12539682
2022-11-21,16.350000,17.240000,16.340000,17.120001,16.993933,18911914
2022-11-22,16.780001,16.889999,16.180000,16.320000,16.199823,11596482
2022-11-23,16.500000,16.580000,15.580000,16.299999,16.179970,12314526
2022-11-24,16.320000,16.889999,16.020000,16.360001,16.239529,11031204
2022-11-25,16.430000,16.430000,15.750000,15.840000,15.723357,8380888
2022-11-28,15.850000,16.150000,15.400000,15.900000,15.782915,8696398
2022-11-29,16.040001,16.500000,15.800000,16.350000,16.229603,9897903
2022-11-30,16.280001,16.770000,16.100000,16.709999,16.586950,10557613
2022-12-01,16.780001,16.900000,16.070000,16.200001,16.080708,10037576
2022-12-02,16.059999,17.170000,16.000000,16.700001,16.577024,16018547
2022-12-05,16.760000,16.770000,15.920000,16.120001,16.001297,16671406
2022-12-06,16.120001,16.559999,16.030001,16.260000,16.140265,9470074
2022-12-07,16.260000,16.590000,15.750000,16.400000,16.279234,10693409
2022-12-08,16.400000,16.750000,15.950000,16.299999,16.179970,9012262
2022-12-09,16.299999,16.299999,15.000000,15.090000,14.978881,17963139
2022-12-12,14.900000,15.250000,14.650000,15.050000,14.939175,11036632
2022-12-13,15.030000,15.150000,14.430000,14.430000,14.323741,9192001
2022-12-14,14.420000,14.560000,14.020000,14.120000,14.016023,7788023
2022-12-15,14.050000,14.240000,13.920000,14.090000,13.986244,5032300
2022-12-16,14.110000,14.110000,13.470000,13.590000,13.489926,8666991
2022-12-19,13.700000,13.840000,13.250000,13.370000,13.271546,7013920
2022-12-20,13.370000,13.490000,13.110000,13.400000,13.301325,4278935
2022-12-21,13.380000,13.450000,12.910000,13.080000,12.983682,5272843
2022-12-22,13.200000,13.220000,12.760000,12.850000,12.755376,4401640
2022-12-23,12.780000,12.870000,12.420000,12.550000,12.457584,7758700
2022-12-26,12.590000,13.250000,12.590000,13.220000,13.122651,9157926
2022-12-27,13.240000,13.390000,13.000000,13.330000,13.231840,8285489
2022-12-28,13.320000,13.350000,13.040000,13.080000,12.983682,5653194
2022-12-29,12.990000,13.200000,12.880000,13.000000,12.904270,4528674
2022-12-30,13.020000,13.340000,12.960000,13.000000,12.904270,5515015
2023-01-03,12.990000,13.430000,12.900000,13.380000,13.281472,7849629
2023-01-04,13.280000,13.630000,13.200000,13.380000,13.281472,6589336
2023-01-05,13.380000,14.070000,13.220000,14.020000,13.916760,13732352
2023-01-06,14.350000,14.650000,13.990000,14.380000,14.274109,18633962
2023-01-09,14.470000,14.950000,14.170000,14.800000,14.691016,16350058
2023-01-10,14.700000,14.920000,14.390000,14.610000,14.502415,10278752
2023-01-11,14.830000,14.900000,14.270000,14.350000,14.244329,9429809
2023-01-12,14.390000,14.650000,14.310000,14.380000,14.274109,7438476
2023-01-13,14.400000,14.480000,14.000000,14.170000,14.065655,7526938
2023-01-16,14.280000,14.800000,14.050000,14.660000,14.552047,11219510
2023-01-17,14.620000,15.050000,14.580000,14.780000,14.671163,7207647
2023-01-18,14.680000,14.850000,14.500000,14.670000,14.561974,5414732
2023-01-19,14.550000,14.660000,14.400000,14.490000,14.383298,4441584
2023-01-20,14.550000,14.620000,14.400000,14.470000,14.363446,4302671
2023-01-30,14.560000,14.930000,14.550000,14.700000,14.591752,7621269
2023-01-31,14.700000,15.150000,14.500000,15.110000,14.998733,10305503
2023-02-01,15.000000,15.170000,14.700000,14.990000,14.879617,8726062
2023-02-02,14.990000,14.990000,14.550000,14.740000,14.631457,8752007
2023-02-03,14.730000,14.730000,14.300000,14.530000,14.423004,6167785
2023-02-06,14.400000,14.600000,14.330000,14.460000,14.353519,3875350
2023-02-07,14.470000,14.880000,14.360000,14.440000,14.333667,7456221
2023-02-08,14.450000,15.880000,14.300000,15.880000,15.763063,35742939
2023-02-09,15.980000,16.260000,15.600000,15.730000,15.614167,41909147
2023-02-10,15.530000,16.180000,15.530000,15.970000,15.852401,30651567
2023-02-13,15.630000,16.030001,15.550000,15.680000,15.564536,17153419
2023-02-14,16.020000,16.200001,15.560000,15.860000,15.743210,25353603
2023-02-15,15.730000,15.860000,15.530000,15.780000,15.663799,15149394
2023-02-16,15.600000,15.700000,14.660000,14.880000,14.770427,19283871
2023-02-17,14.900000,15.160000,14.750000,14.800000,14.691016,11078004
2023-02-20,14.620000,14.930000,14.440000,14.930000,14.820059,9106796
2023-02-21,14.890000,15.630000,14.780000,15.130000,15.018586,14566446
2023-02-22,14.800000,15.130000,14.680000,15.030000,14.919322,9541496
2023-02-23,15.130000,15.300000,14.950000,15.170000,15.058291,9684144
2023-02-24,15.250000,15.290000,14.710000,14.950000,14.839911,8373583
2023-02-27,14.960000,15.350000,14.720000,15.030000,14.919322,11167072
2023-02-28,15.040000,15.140000,14.660000,14.940000,14.829985,9641930
2023-03-01,14.940000,15.350000,14.850000,15.240000,15.127775,12166888
2023-03-02,15.080000,15.080000,14.660000,14.830000,14.720795,15041473
2023-03-03,14.790000,14.840000,14.490000,14.620000,14.512341,6954149
2023-03-06,14.610000,14.620000,14.190000,14.510000,14.403152,7968281
2023-03-07,14.510000,14.530000,14.150000,14.180000,14.075582,5236808
2023-03-08,14.080000,14.340000,14.050000,14.200000,14.095434,3448148
2023-03-09,14.210000,14.260000,14.140000,14.160000,14.055729,3318496
2023-03-10,14.100000,14.140000,13.760000,13.760000,13.658674,5704019
2023-03-13,13.640000,13.930000,13.600000,13.800000,13.698380,3218410
2023-03-14,13.750000,13.750000,13.370000,13.500000,13.400589,4417452
2023-03-15,13.580000,13.750000,13.550000,13.580000,13.480000,2769020
2023-03-16,13.580000,13.580000,13.260000,13.260000,13.162356,3451243
2023-03-17,13.450000,13.500000,13.250000,13.370000,13.271546,3695470
2023-03-20,13.370000,13.600000,13.150000,13.520000,13.420442,4722276
2023-03-21,13.520000,13.840000,13.450000,13.830000,13.728159,4360311
2023-03-22,13.830000,13.920000,13.680000,13.810000,13.708306,3484109
2023-03-23,13.800000,13.890000,13.670000,13.820000,13.718232,3513355
2023-03-24,13.820000,13.920000,13.640000,13.740000,13.638822,3534193
2023-03-27,13.730000,13.820000,13.660000,13.720000,13.618969,3565321
2023-03-28,13.720000,13.750000,13.490000,13.500000,13.400589,3636524
2023-03-29,13.540000,13.700000,13.510000,13.640000,13.539558,2721987
2023-03-30,13.580000,13.630000,13.330000,13.390000,13.291399,3514171
2023-03-31,13.420000,13.670000,13.330000,13.640000,13.539558,4022112
2023-04-03,13.670000,13.690000,13.500000,13.640000,13.539558,3222854
2023-04-04,13.650000,13.650000,13.190000,13.220000,13.122651,6937800
2023-04-06,13.230000,13.310000,13.100000,13.230000,13.132577,3193192
2023-04-07,13.250000,13.380000,13.230000,13.340000,13.241767,2623660
2023-04-10,13.690000,13.780000,13.400000,13.460000,13.360884,5251830
2023-04-11,13.460000,13.490000,13.230000,13.320000,13.221914,3000612
2023-04-12,13.320000,13.380000,13.170000,13.240000,13.142503,2616146
2023-04-13,13.230000,13.290000,13.100000,13.120000,13.023387,2755818
2023-04-14,13.000000,13.140000,12.980000,13.020000,12.924124,3562954
2023-04-17,12.970000,13.240000,12.960000,13.090000,12.993608,2740969
2023-04-18,13.020000,13.330000,13.020000,13.330000,13.231840,4016354
2023-04-19,13.340000,13.360000,13.020000,13.100000,13.003534,3847352
2023-04-20,13.040000,13.080000,12.730000,12.860000,12.765302,3131726
2023-04-21,12.850000,12.980000,12.470000,12.480000,12.388100,3882128
2023-04-24,12.480000,12.740000,12.420000,12.550000,12.457584,2166796
2023-04-25,12.620000,12.620000,11.920000,12.160000,12.070457,3667501
2023-04-26,12.250000,12.630000,12.050000,12.530000,12.437732,3793122
2023-04-27,12.500000,12.700000,12.400000,12.610000,12.517142,3060400
2023-04-28,12.660000,13.210000,12.620000,13.130000,13.033314,5454702
2023-05-04,13.100000,13.280000,13.000000,13.240000,13.142503,3435515
2023-05-05,13.160000,13.220000,12.870000,12.950000,12.854639,3865304
2023-05-08,12.950000,13.150000,12.770000,12.800000,12.705744,3289927
2023-05-09,12.800000,12.890000,12.550000,12.560000,12.467511,2845079
2023-05-10,12.510000,12.920000,12.460000,12.820000,12.725595,3213805
2023-05-11,12.840000,12.940000,12.630000,12.830000,12.735522,2309838
2023-05-12,12.810000,12.960000,12.750000,12.790000,12.695817,2172680
2023-05-15,12.790000,13.070000,12.710000,13.030000,12.934050,2786880
2023-05-16,13.040000,13.210000,12.970000,13.180000,13.082946,3375182
2023-05-17,13.130000,13.280000,13.080000,13.270000,13.172283,3347656
2023-05-18,13.180000,13.410000,13.160000,13.270000,13.172283,2915355
2023-05-19,13.300000,13.530000,13.220000,13.430000,13.331104,4212818
2023-05-22,13.400000,13.480000,13.330000,13.460000,13.360884,2935258
2023-05-23,13.500000,13.550000,13.320000,13.450000,13.350957,3018846
2023-05-24,13.340000,13.640000,13.340000,13.530000,13.430367,2948295
2023-05-25,13.520000,13.850000,13.420000,13.800000,13.698380,6739300
2023-05-26,13.790000,13.790000,13.390000,13.580000,13.480000,4543548
2023-05-29,13.460000,13.550000,13.190000,13.320000,13.320000,3359580
2023-05-30,13.350000,13.450000,13.250000,13.390000,13.390000,2191286
2023-05-31,13.400000,13.480000,13.190000,13.370000,13.370000,3016220
2023-06-01,13.240000,13.350000,13.140000,13.190000,13.190000,2936030
2023-06-02,13.160000,13.500000,13.160000,13.460000,13.460000,3101480
2023-06-05,13.550000,13.580000,13.180000,13.450000,13.450000,3789238
2023-06-06,13.400000,13.460000,13.200000,13.250000,13.250000,2867259
2023-06-07,13.430000,13.440000,13.160000,13.240000,13.240000,2940210
2023-06-08,13.230000,13.340000,12.980000,13.070000,13.070000,3692428
2023-06-09,13.070000,13.160000,12.980000,13.080000,13.080000,3214265
2023-06-12,13.180000,13.350000,13.030000,13.330000,13.330000,6474956
2023-06-13,13.230000,13.380000,13.120000,13.260000,13.260000,6661867
2023-06-14,12.870000,12.890000,12.410000,12.650000,12.650000,9432274
2023-06-15,12.650000,13.090000,12.570000,13.050000,13.050000,7353265
2023-06-16,13.010000,13.180000,12.910000,13.170000,13.170000,4186581
2023-06-19,13.170000,13.300000,13.060000,13.150000,13.150000,3844096
2023-06-20,13.190000,13.190000,12.980000,13.020000,13.020000,2920282
2023-06-21,13.090000,13.240000,12.900000,12.950000,12.950000,3193636
2023-06-26,12.760000,13.120000,12.710000,12.770000,12.770000,3725214
2023-06-27,12.700000,13.160000,12.690000,13.130000,13.130000,3450192
2023-06-28,13.120000,13.150000,12.840000,13.050000,13.050000,2423320
2023-06-29,13.010000,13.370000,13.010000,13.320000,13.320000,5311415
2023-06-30,13.320000,13.530000,13.270000,13.480000,13.480000,4284721
2023-07-03,13.480000,13.610000,13.440000,13.490000,13.490000,3514758
2023-07-04,13.540000,13.680000,13.410000,13.560000,13.560000,3039794
2023-07-05,13.600000,13.680000,13.460000,13.500000,13.500000,2962254
2023-07-06,13.490000,13.570000,13.380000,13.530000,13.530000,3005842
2023-07-07,13.530000,13.590000,13.450000,13.460000,13.460000,2712979
2023-07-10,13.530000,13.610000,13.430000,13.570000,13.570000,2620138
2023-07-11,13.600000,13.640000,13.510000,13.610000,13.610000,2630473
2023-07-12,13.630000,13.840000,13.580000,13.700000,13.700000,4741235
2023-07-13,13.700000,13.980000,13.650000,13.730000,13.730000,5195832
2023-07-14,13.670000,13.680000,13.500000,13.520000,13.520000,3992190
2023-07-17,13.700000,13.890000,13.500000,13.630000,13.630000,8159232
2023-07-18,13.700000,14.450000,13.600000,14.310000,14.310000,19776396
2023-07-19,14.300000,14.570000,13.770000,13.970000,13.970000,18096807
2023-07-20,14.000000,14.090000,13.510000,13.530000,13.530000,11472193
2023-07-21,13.490000,13.640000,13.350000,13.360000,13.360000,6063795
2023-07-24,13.310000,13.380000,13.130000,13.160000,13.160000,4527768
2023-07-25,13.300000,13.580000,13.300000,13.560000,13.560000,5740405
2023-07-26,13.570000,13.650000,13.340000,13.430000,13.430000,3617540
2023-07-27,14.010000,14.100000,13.160000,13.210000,13.210000,7544975
2023-07-28,13.130000,13.350000,13.030000,13.270000,13.270000,5192080
2023-07-31,13.360000,13.530000,13.280000,13.500000,13.500000,4173434
2023-08-01,13.570000,13.570000,13.300000,13.410000,13.410000,3337470
2023-08-02,13.350000,13.400000,13.280000,13.330000,13.330000,2135180
2023-08-03,13.280000,13.480000,13.220000,13.400000,13.400000,2775300
2023-08-04,13.430000,13.480000,13.260000,13.330000,13.330000,2889198
2023-08-07,13.280000,13.380000,13.210000,13.290000,13.290000,1860652
2023-08-08,13.300000,13.320000,13.080000,13.110000,13.110000,2607336
2023-08-09,13.050000,13.130000,12.980000,13.050000,13.050000,2259060
2023-08-10,13.000000,13.210000,13.000000,13.120000,13.120000,2188700
2023-08-11,13.130000,13.130000,12.910000,12.920000,12.920000,2941700
2023-08-14,12.960000,12.980000,12.750000,12.960000,12.960000,2667578
2023-08-15,12.930000,13.040000,12.730000,12.810000,12.810000,2864700
2023-08-16,12.850000,12.860000,12.660000,12.680000,12.680000,1861211
2023-08-17,12.600000,12.810000,12.500000,12.790000,12.790000,3130480
2023-08-18,13.000000,13.350000,12.960000,13.070000,13.070000,9696286
2023-08-21,13.140000,13.530000,13.020000,13.290000,13.290000,8468587
2023-08-22,13.250000,13.380000,12.770000,13.060000,13.060000,6086288
2023-08-23,13.030000,13.060000,12.700000,12.710000,12.710000,3618593
2023-08-24,12.720000,12.820000,12.450000,12.690000,12.690000,3782424
2023-08-25,12.610000,12.690000,12.230000,12.310000,12.310000,4568632
2023-08-28,12.990000,13.040000,12.540000,12.600000,12.600000,6014463
2023-08-29,12.520000,13.010000,12.520000,12.970000,12.970000,4972599
2023-08-30,12.980000,13.220000,12.910000,13.090000,13.090000,3902500
2023-08-31,13.080000,13.090000,12.880000,12.910000,12.910000,3013500
2023-09-01,12.980000,13.100000,12.810000,13.020000,13.020000,3535113
2023-09-04,13.080000,13.260000,12.990000,13.250000,13.250000,4400583
2023-09-05,13.150000,13.360000,13.150000,13.280000,13.280000,3265588
2023-09-06,13.210000,13.350000,13.160000,13.310000,13.310000,2512100
2023-09-07,13.300000,13.340000,13.010000,13.030000,13.030000,2548590
2023-09-08,13.020000,13.100000,12.930000,13.010000,13.010000,1813728
2023-09-11,13.010000,13.130000,12.920000,13.100000,13.100000,2536338
2023-09-12,13.130000,13.140000,12.960000,13.100000,13.100000,2109100
2023-09-13,13.100000,13.120000,12.720000,12.810000,12.810000,2695500
2023-09-14,12.760000,12.810000,12.530000,12.610000,12.610000,2819044
2023-09-15,12.690000,12.760000,12.500000,12.640000,12.640000,2295280
2023-09-18,12.630000,13.400000,12.510000,13.250000,13.250000,9594287
2023-09-19,13.200000,13.200000,12.730000,12.860000,12.860000,5170598
2023-09-20,12.750000,13.050000,12.750000,12.780000,12.780000,3283728
2023-09-21,12.750000,12.850000,12.610000,12.640000,12.640000,2977650
2023-09-22,12.650000,12.960000,12.550000,12.930000,12.930000,2914314
2023-09-25,12.930000,13.000000,12.730000,12.810000,12.810000,2787186
2023-09-26,12.800000,12.950000,12.770000,12.820000,12.820000,2162280
2023-09-27,12.810000,13.130000,12.730000,13.030000,13.030000,4202255
2023-09-28,13.050000,13.180000,12.990000,13.150000,13.150000,2625461
2023-10-09,13.140000,13.210000,13.060000,13.190000,13.190000,3031720
2023-10-10,13.170000,13.300000,13.030000,13.070000,13.070000,2840308
2023-10-11,13.120000,13.120000,12.940000,13.000000,13.000000,2397782
2023-10-12,13.050000,13.160000,12.990000,13.130000,13.130000,2983100
2023-10-13,13.110000,13.130000,12.800000,12.910000,12.910000,3097040
2023-10-16,12.960000,13.290000,12.900000,13.050000,13.050000,5753227
2023-10-17,13.170000,13.170000,12.870000,12.960000,12.960000,3159600
2023-10-18,12.900000,12.950000,12.810000,12.850000,12.850000,2613800
2023-10-19,12.780000,12.920000,12.700000,12.720000,12.720000,2727744
2023-10-20,12.710000,13.030000,12.690000,12.780000,12.780000,3348182
2023-10-23,12.680000,12.760000,12.320000,12.420000,12.420000,4093270
2023-10-24,12.430000,12.820000,12.340000,12.810000,12.810000,2926900
2023-10-25,12.820000,13.080000,12.760000,12.920000,12.920000,3397400
2023-10-26,12.910000,13.090000,12.730000,13.080000,13.080000,3225720
2023-10-27,13.030000,13.120000,12.960000,13.060000,13.060000,4427158
2023-10-30,13.060000,13.140000,12.950000,13.140000,13.140000,4433343
2023-10-31,13.100000,13.160000,12.920000,13.010000,13.010000,3304647
2023-11-01,12.980000,13.050000,12.850000,13.000000,13.000000,3578821
2023-11-02,13.010000,13.040000,12.750000,12.750000,12.750000,2857284
2023-11-03,12.750000,13.090000,12.750000,13.050000,13.050000,3927607
2023-11-06,13.070000,13.280000,13.050000,13.260000,13.260000,5246362
2023-11-07,13.220000,13.310000,13.150000,13.280000,13.280000,4066502
2023-11-08,13.280000,13.280000,13.130000,13.190000,13.190000,4282121
2023-11-09,13.230000,13.360000,13.170000,13.280000,13.280000,4890085
2023-11-10,13.220000,13.280000,13.130000,13.210000,13.210000,2855941
2023-11-13,13.260000,13.300000,13.150000,13.250000,13.250000,3648425
2023-11-14,13.280000,13.320000,13.170000,13.200000,13.200000,3649280
2023-11-15,13.300000,13.450000,13.300000,13.390000,13.390000,5284072
2023-11-16,13.300000,13.340000,13.160000,13.160000,13.160000,4301703
2023-11-17,13.160000,13.400000,13.100000,13.400000,13.400000,4925801
2023-11-20,13.500000,13.530000,13.310000,13.420000,13.420000,3927934
2023-11-21,13.420000,13.480000,13.260000,13.260000,13.260000,3545334
2023-11-22,13.320000,13.350000,13.030000,13.050000,13.050000,4309469
2023-11-23,13.070000,13.290000,13.010000,13.250000,13.250000,2938320
2023-11-24,13.210000,13.260000,13.010000,13.060000,13.060000,3172780
2023-11-27,13.000000,13.160000,12.970000,13.140000,13.140000,3040858
2023-11-28,13.110000,13.270000,13.060000,13.220000,13.220000,2888596
2023-11-29,13.240000,13.320000,13.180000,13.220000,13.220000,2668511
2023-11-30,13.360000,13.380000,13.040000,13.190000,13.190000,3836881
2023-12-01,13.150000,13.150000,12.930000,13.030000,13.030000,4215838
2023-12-04,13.050000,13.110000,12.870000,12.900000,12.900000,3775777
2023-12-05,12.800000,12.920000,12.680000,12.690000,12.690000,3239323
2023-12-06,12.620000,12.850000,12.600000,12.680000,12.680000,3666835
2023-12-07,12.850000,12.850000,12.500000,12.670000,12.670000,4455921
2023-12-08,12.660000,12.750000,12.560000,12.580000,12.580000,2986188
2023-12-11,12.520000,12.690000,12.400000,12.670000,12.670000,4622163
2023-12-12,12.660000,12.730000,12.540000,12.640000,12.640000,2655413
2023-12-13,12.600000,12.680000,12.490000,12.540000,12.540000,2303497
2023-12-14,12.580000,12.660000,12.480000,12.490000,12.490000,2217930
2023-12-15,12.490000,12.550000,12.390000,12.430000,12.430000,2206740
2023-12-18,12.430000,12.500000,12.220000,12.250000,12.250000,3439040
2023-12-19,12.250000,12.370000,12.200000,12.320000,12.320000,2164213
2023-12-20,12.370000,12.380000,12.190000,12.190000,12.190000,1892580
2023-12-21,12.220000,12.450000,12.010000,12.450000,12.450000,2816765
2023-12-22,12.430000,12.800000,12.210000,12.380000,12.380000,3876789
2023-12-25,12.400000,12.580000,12.240000,12.320000,12.320000,3579100
2023-12-26,12.290000,12.380000,12.120000,12.180000,12.180000,2304460
2023-12-27,12.130000,12.330000,12.090000,12.280000,12.280000,2025000
2023-12-28,12.240000,12.800000,12.180000,12.740000,12.740000,7245972
2023-12-29,12.750000,12.960000,12.630000,12.950000,12.950000,5577620
2024-01-02,13.010000,13.060000,12.900000,13.000000,13.000000,5522460
2024-01-03,12.990000,13.080000,12.910000,13.040000,13.040000,4167227
2024-01-04,13.000000,13.080000,12.950000,13.050000,13.050000,3018904
2024-01-05,12.990000,13.090000,12.760000,12.850000,12.850000,4021908
2024-01-08,12.770000,12.890000,12.610000,12.630000,12.630000,3409087
2024-01-09,12.640000,12.930000,12.570000,12.780000,12.780000,3766380
2024-01-10,12.740000,12.950000,12.590000,12.730000,12.730000,3450245
2024-01-11,12.710000,12.970000,12.690000,12.900000,12.900000,3716960
2024-01-12,12.870000,13.090000,12.830000,12.920000,12.920000,4146900
2024-01-15,12.850000,12.950000,12.730000,12.790000,12.790000,3503521
2024-01-16,12.790000,12.930000,12.650000,12.870000,12.870000,3654562
2024-01-17,12.820000,12.850000,12.510000,12.510000,12.510000,2871128
2024-01-18,12.460000,12.560000,12.040000,12.420000,12.420000,6878921
2024-01-19,12.420000,12.530000,12.160000,12.180000,12.180000,3656352
2024-01-22,12.160000,12.170000,10.960000,11.000000,11.000000,7622423
2024-01-23,10.960000,11.120000,10.610000,10.880000,10.880000,5797591
2024-01-24,11.010000,11.030000,10.360000,10.720000,10.720000,7913133
2024-01-25,10.710000,10.990000,10.590000,10.970000,10.970000,6553112
2024-01-26,10.980000,11.170000,10.780000,10.850000,10.850000,4548556
2024-01-29,10.860000,10.900000,10.280000,10.320000,10.320000,5709560
2024-01-30,10.330000,10.420000,9.970000,9.990000,9.990000,4528165
2024-01-31,9.960000,10.090000,9.450000,9.460000,9.460000,6378804
2024-02-01,9.400000,9.560000,9.130000,9.300000,9.300000,5564680
2024-02-02,9.300000,9.500000,8.390000,8.750000,8.750000,7146323
2024-02-05,8.700000,8.700000,7.880000,7.880000,7.880000,8173138
2024-02-06,7.400000,8.170000,7.090000,7.820000,7.820000,12413094
2024-02-07,7.770000,7.890000,7.460000,7.580000,7.580000,9735336
2024-02-08,7.650000,8.340000,7.500000,8.340000,8.340000,9193497
2024-02-19,8.450000,9.130000,8.450000,8.980000,8.980000,10732116
2024-02-20,8.960000,9.080000,8.740000,9.050000,9.050000,5319096
2024-02-21,9.030000,9.670000,8.890000,9.280000,9.280000,6447344
2024-02-22,9.290000,9.470000,9.290000,9.430000,9.430000,4483506
2024-02-23,9.540000,9.710000,9.360000,9.700000,9.700000,5533146
2024-02-26,9.800000,10.120000,9.800000,10.000000,10.000000,7695365
2024-02-27,9.930000,10.140000,9.820000,10.130000,10.130000,5419194
2024-02-28,10.190000,10.430000,9.420000,9.430000,9.430000,11168876
2024-02-29,9.300000,9.780000,9.300000,9.760000,9.760000,6564053
2024-03-01,9.720000,9.850000,9.610000,9.850000,9.850000,5207254
2024-03-04,9.960000,10.000000,9.680000,9.840000,9.840000,5199806
2024-03-05,9.710000,9.800000,9.520000,9.570000,9.570000,4401571
2024-03-06,9.570000,9.950000,9.490000,9.800000,9.800000,5078051
2024-03-07,9.840000,9.980000,9.620000,9.670000,9.670000,3906920
2024-03-08,9.600000,9.830000,9.580000,9.800000,9.800000,3060708
2024-03-11,9.850000,10.120000,9.820000,10.100000,10.100000,6390786
2024-03-12,10.100000,10.180000,9.980000,10.160000,10.160000,4764465
2024-03-13,10.200000,10.380000,10.120000,10.310000,10.310000,5048337
2024-03-14,10.220000,10.310000,10.020000,10.190000,10.190000,4136957
2024-03-15,10.180000,10.270000,10.110000,10.270000,10.270000,4562433
2024-03-18,10.320000,10.440000,10.290000,10.420000,10.420000,5780066
2024-03-19,10.420000,10.540000,10.360000,10.430000,10.430000,3581799
2024-03-20,10.450000,10.550000,10.400000,10.480000,10.480000,3879910
2024-03-21,10.490000,10.570000,10.270000,10.460000,10.460000,4095500
2024-03-22,10.400000,10.450000,10.180000,10.260000,10.260000,4640569
2024-03-25,10.260000,10.330000,9.950000,9.990000,9.990000,4293700
2024-03-26,10.010000,10.120000,9.770000,10.030000,10.030000,3620434
2024-03-27,10.060000,10.150000,9.700000,9.700000,9.700000,3532421
2024-03-28,9.700000,10.080000,9.680000,9.950000,9.950000,3988558
2024-03-29,10.400000,10.400000,10.000000,10.190000,10.190000,4851940
2024-04-01,10.280000,10.420000,10.230000,10.420000,10.420000,4812427
2024-04-02,10.480000,10.510000,10.350000,10.460000,10.460000,5015188
2024-04-03,10.420000,10.480000,10.300000,10.390000,10.390000,3188996
2024-04-08,10.320000,10.370000,10.020000,10.070000,10.070000,3922018
2024-04-09,10.070000,10.300000,10.030000,10.280000,10.280000,3433745
2024-04-10,10.400000,10.400000,9.760000,9.880000,9.880000,7096700
2024-04-11,9.780000,9.850000,9.540000,9.680000,9.680000,6366950
2024-04-12,9.680000,9.970000,9.680000,9.790000,9.790000,5962424
2024-04-15,9.760000,9.870000,9.110000,9.300000,9.300000,7637570
2024-04-16,9.210000,9.210000,8.420000,8.560000,8.560000,8610803
2024-04-17,8.810000,9.420000,8.740000,9.400000,9.400000,7392291
2024-04-18,9.400000,9.590000,9.160000,9.340000,9.340000,5654706
2024-04-19,9.220000,9.430000,9.150000,9.230000,9.230000,4902919
2024-04-22,9.160000,9.290000,8.950000,9.160000,9.160000,4178363
2024-04-23,9.430000,10.030000,9.410000,9.450000,9.450000,10165213
2024-04-24,9.480000,9.690000,9.430000,9.540000,9.540000,7174279
2024-04-25,9.550000,10.020000,9.390000,9.760000,9.760000,8503332
2024-04-26,9.640000,9.840000,9.530000,9.790000,9.790000,7615044